1 1 1.7679612636566162
1 2 3.5142269134521484
1 3 6.19218373298645
1 4 9.473745107650757
1 5 13.275303840637207
1 6 18.575185775756836
1 7 25.190526008605957
1 8 32.13036322593689
1 9 37.654979944229126
1 10 48.1263427734375
1 11 56.09695100784302
1 12 73.2759211063385
1 13 90.52897691726685
1 14 99.2593560218811
2 1 10.130957126617432
2 2 25.533799171447754
2 3 39.38486289978027
2 4 57.87580609321594
2 5 92.60258293151855
2 6 119.80726194381714
2 7 157.069265127182
2 8 198.13169312477112
2 9 241.2912950515747
2 10 276.65262484550476
2 11 329.50630283355713
2 12 389.40611386299133
2 13 398.2483878135681
2 14 494.4486472606659
3 1 8.70258092880249
3 2 10.517538070678711
3 3 13.63453483581543
3 4 17.08247184753418
3 5 21.091994285583496
3 6 18.201326847076416
3 7 18.908921003341675
3 8 18.904756784439087
3 9 19.701308965682983
3 10 19.14850091934204
3 11 19.19356107711792
3 12 19.478450775146484
3 13 19.247812271118164
3 14 19.901137828826904
